|V| = 50
|T| = 53
[0, 1, 2, 3, 4, 5, 6, 7, 8, 9, 10, 11, 12, 13, 14, 15, 16, 17, 18, 19, 20, 21, 22, 23, 24, 25, 26, 27, 28, 29, 30, 31, 32, 33, 34, 35, 36, 37, 38, 39, 40, 41, 42, 43, 44, 45, 46, 47, 48, 49]gap 1.03976693986.0
3939087111.0
Numerator is 37606875.0, while its guess was 1000000
Cluster 1: [4, 12, 45]
Cluster 2: [2, 17, 20]
Denominator is 4.5035995871051776e+17, while its guess was 455000000000000000
671088637.0
Correlation1 0.771910531933982
Clusters time series
[1756.0, 1616.0, 1652.0, 1724.0, 1675.0, 1717.0, 1656.0, 1652.0, 1376.0, 1766.0, 1817.0, 1790.0, 1566.0, 1661.0, 1725.0, 1708.0, 1703.0, 1727.0, 1805.0, 1911.0, 1695.0, 1870.0, 1849.0, 1959.0, 1939.0, 1895.0, 1890.0, 1890.0, 1953.0, 1707.0, 1746.0, 1742.0, 1685.0, 1606.0, 1532.0, 1489.0, 1408.0, 1374.0, 1403.0, 1317.0, 1386.0, 1389.0, 1390.0, 1295.0, 1337.0, 1395.0, 1436.0, 1483.0, 1441.0, 1358.0, 1542.0, 1590.0, 1509.0]
[984.0, 995.0, 976.0, 1000.0, 989.0, 1007.0, 1013.0, 935.0, 827.0, 1045.0, 997.0, 956.0, 768.0, 790.0, 914.0, 870.0, 889.0, 879.0, 857.0, 826.0, 855.0, 895.0, 924.0, 933.0, 977.0, 993.0, 905.0, 939.0, 938.0, 844.0, 877.0, 880.0, 860.0, 808.0, 763.0, 789.0, 758.0, 803.0, 762.0, 682.0, 740.0, 758.0, 698.0, 704.0, 703.0, 700.0, 754.0, 808.0, 794.0, 697.0, 829.0, 812.0, 838.0]Total time elapsed: 40844.07233166695
