|V| = 50
|T| = 53
[0, 1, 2, 3, 4, 5, 6, 7, 8, 9, 10, 11, 12, 13, 14, 15, 16, 17, 18, 19, 20, 21, 22, 23, 24, 25, 26, 27, 28, 29, 30, 31, 32, 33, 34, 35, 36, 37, 38, 39, 40, 41, 42, 43, 44, 45, 46, 47, 48, 49]gap 4.03104614178.0
3094027761.0
Numerator is 10586417.0, while its guess was 1000000
Cluster 1: [9, 23, 45]
Cluster 2: [4, 12, 29]
Denominator is 4.5035995871051776e+17, while its guess was 455000000000000000
671088637.0
Correlation1 0.26794130384381243
Clusters time series
[1205.0, 1003.0, 1105.0, 1188.0, 1123.0, 1137.0, 1159.0, 1103.0, 947.0, 1135.0, 1236.0, 1283.0, 1353.0, 1376.0, 1265.0, 1185.0, 1206.0, 1206.0, 1364.0, 1407.0, 1234.0, 1348.0, 1346.0, 1350.0, 1418.0, 1438.0, 1419.0, 1407.0, 1435.0, 1209.0, 1222.0, 1222.0, 1221.0, 1207.0, 1228.0, 1204.0, 1127.0, 1093.0, 1072.0, 1042.0, 1073.0, 1109.0, 1110.0, 1062.0, 1118.0, 1139.0, 1210.0, 1240.0, 1141.0, 1170.0, 1264.0, 1303.0, 1304.0]
[1051.0, 1064.0, 1100.0, 1103.0, 1071.0, 1098.0, 1015.0, 1074.0, 824.0, 1125.0, 1112.0, 1060.0, 688.0, 782.0, 976.0, 1021.0, 997.0, 1018.0, 965.0, 1023.0, 963.0, 1006.0, 1001.0, 1070.0, 1022.0, 984.0, 963.0, 985.0, 1026.0, 939.0, 999.0, 986.0, 937.0, 898.0, 771.0, 751.0, 738.0, 715.0, 746.0, 667.0, 724.0, 728.0, 722.0, 707.0, 694.0, 739.0, 761.0, 757.0, 788.0, 691.0, 792.0, 809.0, 745.0]Total time elapsed: 841.8832075595856
