|V| = 50
|T| = 53
[0, 1, 2, 3, 4, 5, 6, 7, 8, 9, 10, 11, 12, 13, 14, 15, 16, 17, 18, 19, 20, 21, 22, 23, 24, 25, 26, 27, 28, 29, 30, 31, 32, 33, 34, 35, 36, 37, 38, 39, 40, 41, 42, 43, 44, 45, 46, 47, 48, 49]gap 7.06619753.0
1911623.0
Numerator is 4708130.0, while its guess was 1000000
Cluster 1: [48]
Cluster 2: [49]
Denominator is 4.503599597842596e+17, while its guess was 455000000000000000
671088637.8
Correlation1 0.7613926770154723
Clusters time series
[43.0, 45.0, 44.0, 73.0, 74.0, 74.0, 71.0, 75.0, 48.0, 70.0, 73.0, 72.0, 36.0, 44.0, 58.0, 59.0, 66.0, 61.0, 68.0, 71.0, 70.0, 70.0, 72.0, 73.0, 71.0, 62.0, 60.0, 69.0, 74.0, 69.0, 68.0, 66.0, 63.0, 28.0, 20.0, 8.0, 25.0, 24.0, 25.0, 21.0, 24.0, 24.0, 23.0, 22.0, 24.0, 22.0, 23.0, 26.0, 32.0, 30.0, 32.0, 33.0, 55.0]
[58.0, 56.0, 62.0, 57.0, 58.0, 53.0, 52.0, 59.0, 49.0, 59.0, 63.0, 59.0, 44.0, 46.0, 57.0, 60.0, 60.0, 66.0, 66.0, 61.0, 65.0, 62.0, 60.0, 56.0, 51.0, 60.0, 49.0, 38.0, 40.0, 38.0, 35.0, 38.0, 33.0, 34.0, 32.0, 33.0, 30.0, 32.0, 27.0, 23.0, 24.0, 27.0, 25.0, 25.0, 26.0, 25.0, 28.0, 26.0, 28.0, 24.0, 29.0, 25.0, 26.0]Total time elapsed: 297.0329577922821
