0,1756.0,984.0
1,1616.0,995.0
2,1652.0,976.0
3,1724.0,1000.0
4,1675.0,989.0
5,1717.0,1007.0
6,1656.0,1013.0
7,1652.0,935.0
8,1376.0,827.0
9,1766.0,1045.0
10,1817.0,997.0
11,1790.0,956.0
12,1566.0,768.0
13,1661.0,790.0
14,1725.0,914.0
15,1708.0,870.0
16,1703.0,889.0
17,1727.0,879.0
18,1805.0,857.0
19,1911.0,826.0
20,1695.0,855.0
21,1870.0,895.0
22,1849.0,924.0
23,1959.0,933.0
24,1939.0,977.0
25,1895.0,993.0
26,1890.0,905.0
27,1890.0,939.0
28,1953.0,938.0
29,1707.0,844.0
30,1746.0,877.0
31,1742.0,880.0
32,1685.0,860.0
33,1606.0,808.0
34,1532.0,763.0
35,1489.0,789.0
36,1408.0,758.0
37,1374.0,803.0
38,1403.0,762.0
39,1317.0,682.0
40,1386.0,740.0
41,1389.0,758.0
42,1390.0,698.0
43,1295.0,704.0
44,1337.0,703.0
45,1395.0,700.0
46,1436.0,754.0
47,1483.0,808.0
48,1441.0,794.0
49,1358.0,697.0
50,1542.0,829.0
51,1590.0,812.0
52,1509.0,838.0
