0,1205.0,1051.0
1,1003.0,1064.0
2,1105.0,1100.0
3,1188.0,1103.0
4,1123.0,1071.0
5,1137.0,1098.0
6,1159.0,1015.0
7,1103.0,1074.0
8,947.0,824.0
9,1135.0,1125.0
10,1236.0,1112.0
11,1283.0,1060.0
12,1353.0,688.0
13,1376.0,782.0
14,1265.0,976.0
15,1185.0,1021.0
16,1206.0,997.0
17,1206.0,1018.0
18,1364.0,965.0
19,1407.0,1023.0
20,1234.0,963.0
21,1348.0,1006.0
22,1346.0,1001.0
23,1350.0,1070.0
24,1418.0,1022.0
25,1438.0,984.0
26,1419.0,963.0
27,1407.0,985.0
28,1435.0,1026.0
29,1209.0,939.0
30,1222.0,999.0
31,1222.0,986.0
32,1221.0,937.0
33,1207.0,898.0
34,1228.0,771.0
35,1204.0,751.0
36,1127.0,738.0
37,1093.0,715.0
38,1072.0,746.0
39,1042.0,667.0
40,1073.0,724.0
41,1109.0,728.0
42,1110.0,722.0
43,1062.0,707.0
44,1118.0,694.0
45,1139.0,739.0
46,1210.0,761.0
47,1240.0,757.0
48,1141.0,788.0
49,1170.0,691.0
50,1264.0,792.0
51,1303.0,809.0
52,1304.0,745.0
