0,43.0,58.0
1,45.0,56.0
2,44.0,62.0
3,73.0,57.0
4,74.0,58.0
5,74.0,53.0
6,71.0,52.0
7,75.0,59.0
8,48.0,49.0
9,70.0,59.0
10,73.0,63.0
11,72.0,59.0
12,36.0,44.0
13,44.0,46.0
14,58.0,57.0
15,59.0,60.0
16,66.0,60.0
17,61.0,66.0
18,68.0,66.0
19,71.0,61.0
20,70.0,65.0
21,70.0,62.0
22,72.0,60.0
23,73.0,56.0
24,71.0,51.0
25,62.0,60.0
26,60.0,49.0
27,69.0,38.0
28,74.0,40.0
29,69.0,38.0
30,68.0,35.0
31,66.0,38.0
32,63.0,33.0
33,28.0,34.0
34,20.0,32.0
35,8.0,33.0
36,25.0,30.0
37,24.0,32.0
38,25.0,27.0
39,21.0,23.0
40,24.0,24.0
41,24.0,27.0
42,23.0,25.0
43,22.0,25.0
44,24.0,26.0
45,22.0,25.0
46,23.0,28.0
47,26.0,26.0
48,32.0,28.0
49,30.0,24.0
50,32.0,29.0
51,33.0,25.0
52,55.0,26.0
