[[39107, 36651, 35635, 37842, 37669, 38276, 36413, 34646, 38076], [79746, 76423, 78865, 79133, 79086, 80794, 76514, 71751, 80618], [49750, 49031, 49846, 49913, 50255, 50231, 47162, 40266, 50351], [64530, 67294, 63583, 61572, 61764, 64657, 57600, 55281, 53614], [107695, 107985, 108827, 103888, 106007, 92854, 81502, 75336, 98984], [28309, 27705, 27445, 28304, 28313, 29010, 27599, 20862, 28584], [90099, 90142, 87148, 86607, 88407, 81356, 77162, 76595, 83079], [3704, 3979, 4221, 4232, 4073, 4223, 4032, 2615, 2678]]
8
9
[0, 1, 2, 3, 4, 5, 6, 7]gap 1.53907095290919.0
3894123486615.0
Numerator is 12971804304.0, while its guess was 1000000
Cluster 1: [0, 2, 4, 5, 7]
Cluster 2: [1, 3, 6]
Denominator is 4.722366482732206e+21, while its guess was 455000000000000000000
68719476735.0
Correlation1 0.9272296404974694
Clusters time series
[228565.0, 225351.0, 225974.0, 224179.0, 226317.0, 214594.0, 196708.0, 173725.0, 218673.0]
[234375.0, 233859.0, 229596.0, 227312.0, 229257.0, 226807.0, 211276.0, 203627.0, 217311.0]Total time elapsed: 420.60500836372375
