[[39107, 36651, 35635, 37842, 37669, 38276, 36413, 34646, 38076], [79746, 76423, 78865, 79133, 79086, 80794, 76514, 71751, 80618], [49750, 49031, 49846, 49913, 50255, 50231, 47162, 40266, 50351], [64530, 67294, 63583, 61572, 61764, 64657, 57600, 55281, 53614], [107695, 107985, 108827, 103888, 106007, 92854, 81502, 75336, 98984], [28309, 27705, 27445, 28304, 28313, 29010, 27599, 20862, 28584], [90099, 90142, 87148, 86607, 88407, 81356, 77162, 76595, 83079], [3704, 3979, 4221, 4232, 4073, 4223, 4032, 2615, 2678]]
8
9
[0, 1, 2, 3, 4, 5, 6, 7]gap 2.0235234545255.0
234999708635.0
Numerator is 234836620.0, while its guess was 1000000
Cluster 1: [0]
Cluster 2: [1, 2, 3, 4, 5, 6, 7]
Denominator is 4.7137195714477807e+21, while its guess was 455000000000000000000
68656533348.6026
Correlation1 0.824697348839815
Clusters time series
[39107.0, 36651.0, 35635.0, 37842.0, 37669.0, 38276.0, 36413.0, 34646.0, 38076.0]
[79746.0, 76423.0, 78865.0, 79133.0, 79086.0, 80794.0, 76514.0, 71751.0, 80618.0]Total time elapsed: 449.1393880844116
